$ANSIBLE_VAULT;1.1;AES256
34633564643939326237656364333133316237313263393133616461313639363636636264376436
6165303330666239633637623761396233633832356330620a666465316538646533373738333531
36663138313633616334343765646566643935333863663964623866333161663161386435626366
3232383261356365300a646232653263636339633961663533366135376165393731643463303939
62303839393664633665646337613436663036356634336563643366653764656530636161363530
38613233313135656237663836636662633062326265333138646238643666613366396166666362
37626233626161613133343663353032343433333632316232623061623738396462303165323565
37613138663739613463313962613263393837643231616164623161323963373562303066646362
62366264653931303462656462313438323737346164376435633661333139326137663038633332
38636133316138353531373864376532303866646430626334373663316364366637646535313863
34343438316532396266363030343263636161306162656234323165356631613333613961643732
38313062643739373131626134623834313765306265343661393930663161323033333438333838
34326561393131363034326433373230353838356139323932613031366434316631653732343532
33626530353638646236376661633539636164663534346238646533376562656231626630353833
666337646639366638656239363633353733
